254 383
1 128
1 128

1 1 0 255 INV
2 1 0 1 129 AND
2 1 0 1 256 XOR
2 1 2 129 130 AND
2 1 2 129 257 XOR
2 1 3 130 131 AND
2 1 3 130 258 XOR
2 1 4 131 132 AND
2 1 4 131 259 XOR
2 1 5 132 133 AND
2 1 5 132 260 XOR
2 1 6 133 134 AND
2 1 6 133 261 XOR
2 1 7 134 135 AND
2 1 7 134 262 XOR
2 1 8 135 136 AND
2 1 8 135 263 XOR
2 1 9 136 137 AND
2 1 9 136 264 XOR
2 1 10 137 138 AND
2 1 10 137 265 XOR
2 1 11 138 139 AND
2 1 11 138 266 XOR
2 1 12 139 140 AND
2 1 12 139 267 XOR
2 1 13 140 141 AND
2 1 13 140 268 XOR
2 1 14 141 142 AND
2 1 14 141 269 XOR
2 1 15 142 143 AND
2 1 15 142 270 XOR
2 1 16 143 144 AND
2 1 16 143 271 XOR
2 1 17 144 145 AND
2 1 17 144 272 XOR
2 1 18 145 146 AND
2 1 18 145 273 XOR
2 1 19 146 147 AND
2 1 19 146 274 XOR
2 1 20 147 148 AND
2 1 20 147 275 XOR
2 1 21 148 149 AND
2 1 21 148 276 XOR
2 1 22 149 150 AND
2 1 22 149 277 XOR
2 1 23 150 151 AND
2 1 23 150 278 XOR
2 1 24 151 152 AND
2 1 24 151 279 XOR
2 1 25 152 153 AND
2 1 25 152 280 XOR
2 1 26 153 154 AND
2 1 26 153 281 XOR
2 1 27 154 155 AND
2 1 27 154 282 XOR
2 1 28 155 156 AND
2 1 28 155 283 XOR
2 1 29 156 157 AND
2 1 29 156 284 XOR
2 1 30 157 158 AND
2 1 30 157 285 XOR
2 1 31 158 159 AND
2 1 31 158 286 XOR
2 1 32 159 160 AND
2 1 32 159 287 XOR
2 1 33 160 161 AND
2 1 33 160 288 XOR
2 1 34 161 162 AND
2 1 34 161 289 XOR
2 1 35 162 163 AND
2 1 35 162 290 XOR
2 1 36 163 164 AND
2 1 36 163 291 XOR
2 1 37 164 165 AND
2 1 37 164 292 XOR
2 1 38 165 166 AND
2 1 38 165 293 XOR
2 1 39 166 167 AND
2 1 39 166 294 XOR
2 1 40 167 168 AND
2 1 40 167 295 XOR
2 1 41 168 169 AND
2 1 41 168 296 XOR
2 1 42 169 170 AND
2 1 42 169 297 XOR
2 1 43 170 171 AND
2 1 43 170 298 XOR
2 1 44 171 172 AND
2 1 44 171 299 XOR
2 1 45 172 173 AND
2 1 45 172 300 XOR
2 1 46 173 174 AND
2 1 46 173 301 XOR
2 1 47 174 175 AND
2 1 47 174 302 XOR
2 1 48 175 176 AND
2 1 48 175 303 XOR
2 1 49 176 177 AND
2 1 49 176 304 XOR
2 1 50 177 178 AND
2 1 50 177 305 XOR
2 1 51 178 179 AND
2 1 51 178 306 XOR
2 1 52 179 180 AND
2 1 52 179 307 XOR
2 1 53 180 181 AND
2 1 53 180 308 XOR
2 1 54 181 182 AND
2 1 54 181 309 XOR
2 1 55 182 183 AND
2 1 55 182 310 XOR
2 1 56 183 184 AND
2 1 56 183 311 XOR
2 1 57 184 185 AND
2 1 57 184 312 XOR
2 1 58 185 186 AND
2 1 58 185 313 XOR
2 1 59 186 187 AND
2 1 59 186 314 XOR
2 1 60 187 188 AND
2 1 60 187 315 XOR
2 1 61 188 189 AND
2 1 61 188 316 XOR
2 1 62 189 190 AND
2 1 62 189 317 XOR
2 1 63 190 191 AND
2 1 63 190 318 XOR
2 1 64 191 192 AND
2 1 64 191 319 XOR
2 1 65 192 193 AND
2 1 65 192 320 XOR
2 1 66 193 194 AND
2 1 66 193 321 XOR
2 1 67 194 195 AND
2 1 67 194 322 XOR
2 1 68 195 196 AND
2 1 68 195 323 XOR
2 1 69 196 197 AND
2 1 69 196 324 XOR
2 1 70 197 198 AND
2 1 70 197 325 XOR
2 1 71 198 199 AND
2 1 71 198 326 XOR
2 1 72 199 200 AND
2 1 72 199 327 XOR
2 1 73 200 201 AND
2 1 73 200 328 XOR
2 1 74 201 202 AND
2 1 74 201 329 XOR
2 1 75 202 203 AND
2 1 75 202 330 XOR
2 1 76 203 204 AND
2 1 76 203 331 XOR
2 1 77 204 205 AND
2 1 77 204 332 XOR
2 1 78 205 206 AND
2 1 78 205 333 XOR
2 1 79 206 207 AND
2 1 79 206 334 XOR
2 1 80 207 208 AND
2 1 80 207 335 XOR
2 1 81 208 209 AND
2 1 81 208 336 XOR
2 1 82 209 210 AND
2 1 82 209 337 XOR
2 1 83 210 211 AND
2 1 83 210 338 XOR
2 1 84 211 212 AND
2 1 84 211 339 XOR
2 1 85 212 213 AND
2 1 85 212 340 XOR
2 1 86 213 214 AND
2 1 86 213 341 XOR
2 1 87 214 215 AND
2 1 87 214 342 XOR
2 1 88 215 216 AND
2 1 88 215 343 XOR
2 1 89 216 217 AND
2 1 89 216 344 XOR
2 1 90 217 218 AND
2 1 90 217 345 XOR
2 1 91 218 219 AND
2 1 91 218 346 XOR
2 1 92 219 220 AND
2 1 92 219 347 XOR
2 1 93 220 221 AND
2 1 93 220 348 XOR
2 1 94 221 222 AND
2 1 94 221 349 XOR
2 1 95 222 223 AND
2 1 95 222 350 XOR
2 1 96 223 224 AND
2 1 96 223 351 XOR
2 1 97 224 225 AND
2 1 97 224 352 XOR
2 1 98 225 226 AND
2 1 98 225 353 XOR
2 1 99 226 227 AND
2 1 99 226 354 XOR
2 1 100 227 228 AND
2 1 100 227 355 XOR
2 1 101 228 229 AND
2 1 101 228 356 XOR
2 1 102 229 230 AND
2 1 102 229 357 XOR
2 1 103 230 231 AND
2 1 103 230 358 XOR
2 1 104 231 232 AND
2 1 104 231 359 XOR
2 1 105 232 233 AND
2 1 105 232 360 XOR
2 1 106 233 234 AND
2 1 106 233 361 XOR
2 1 107 234 235 AND
2 1 107 234 362 XOR
2 1 108 235 236 AND
2 1 108 235 363 XOR
2 1 109 236 237 AND
2 1 109 236 364 XOR
2 1 110 237 238 AND
2 1 110 237 365 XOR
2 1 111 238 239 AND
2 1 111 238 366 XOR
2 1 112 239 240 AND
2 1 112 239 367 XOR
2 1 113 240 241 AND
2 1 113 240 368 XOR
2 1 114 241 242 AND
2 1 114 241 369 XOR
2 1 115 242 243 AND
2 1 115 242 370 XOR
2 1 116 243 244 AND
2 1 116 243 371 XOR
2 1 117 244 245 AND
2 1 117 244 372 XOR
2 1 118 245 246 AND
2 1 118 245 373 XOR
2 1 119 246 247 AND
2 1 119 246 374 XOR
2 1 120 247 248 AND
2 1 120 247 375 XOR
2 1 121 248 249 AND
2 1 121 248 376 XOR
2 1 122 249 250 AND
2 1 122 249 377 XOR
2 1 123 250 251 AND
2 1 123 250 378 XOR
2 1 124 251 252 AND
2 1 124 251 379 XOR
2 1 125 252 253 AND
2 1 125 252 380 XOR
2 1 126 253 254 AND
2 1 126 253 381 XOR
2 1 127 254 382 XOR


